1,32528070,32528074,32528075,32528076,34520513,
2,34520513,90371608,90365779,90369173,248460731,34520514,
3,32528257,34520513,32528076,32528075,32528074,32528071,
4,32553122,54651426,54651472,54651470,54651424,32528257,
5,32528257,32528258,32528259,32528261,32528260,32528262,32572235,
6,32572234,254515314,32572235,32528262,32528260,32528261,32528259,32528258,32528257,
7,32528056,90369170,32528041,90365782,90365778,32528063,
8,32528061,90365784,32528040,90365767,32528055,
9,32528066,32528078,32528080,32597389,
10,32597389,32528079,32528077,32528065,
11,32528072,32596645,32528083,90332394,
12,90354602,221974454,32528082,32528068,
13,90332394,90332400,90332407,90332411,90332415,90332417,90332421,32596650,
15,32572261,32596658,32596657,32596656,32596655,32596650,
14,32596650,32596655,32596656,32596657,32596658,32915597,
16,32596650,90332421,90332417,90332415,90332411,90332407,90332400,90332394,
17,32572235,34521674,34521673,
18,34521673,34521658,34521660,32572236,32915587,
19,32915588,247461208,32572232,34521676,
20,34521676,34521675,248197964,32572233,32572234,
21,32572230,32553377,32892164,
22,32892164,248564712,32892152,
23,32892163,32553378,32572229,
24,32892153,32892163,
25,32572228,32553127,32553123,32553122,
26,32629360,32553125,105757851,32572231,
27,32528048,32528059,32553124,32629360,
28,34520514,248460749,248460747,32528060,32528047,
29,32528047,32528053,32528056,
30,32528055,32528039,32528038,32528049,
31,32528055,32596188,32528054,32528045,
32,32528045,254515300,32528046,
33,32528046,32528051,32630187,32528049,
34,32528048,254515301,32528047,
35,32528050,60861982,32528052,32528048,
36,32528050,32528043,32528042,32528056,
37,32528046,254515299,32528048,
38,32528047,254515298,32528045,
39,32528045,32528058,32553130,32596164,
40,32596163,32553131,32528057,32528046,
41,32594635,32553383,32596174,
42,32596175,119272631,32553382,32594634,
43,32915597,32572262,32572263,32572264,32572235,
44,32572234,255152631,32572237,32572238,32572239,32572240,
45,32572240,32572241,32572242,32572243,248200294,32572244,255152621,32572245,165115647,32572246,32572247,32917757,32572248,32917758,
46,32917758,32572252,32917756,32572253,32572254,32572255,32572256,32572257,32572258,32572259,32572260,
47,32917758,32917759,
48,32917759,32917758,
49,32528268,260809198,119902638,255080040,32917759,
50,32917759,255080040,119902638,260809198,32528268,
51,32572234,32528263,255152630,32528264,32528265,32892177,32892162,
52,32572234,32528263,255152630,32528264,32528265,32892177,32892162,
53,32892162,32528266,224797838,32528267,32528268,
54,32528268,32528267,224797838,32528266,32892162,
57,32528268,32572882,32572883,248200332,32892160,
58,32892143,32892161,32892156,32892160,
59,32892160,32892156,32892154,
60,32552930,32552931,32552933,32553129,32892142,
61,32892142,32553380,32892144,
62,32892141,32892140,32892139,32892138,32892155,32892137,
63,252347488,248564732,255304621,32553379,32553128,32552934,32552929,31156846,
64,32629352,246806023,32629354,32629356,32629357,
65,32629259,32629258,32629254,32629253,60937004,32629352,
66,32629359,32629358,32629355,105757899,32629353,60937003,
67,60937003,32629255,32629256,32629257,32049253,
68,32628970,32628972,32628973,32629262,
69,32629262,32629263,32629264,32629259,
70,32049253,32629252,32049257,32049255,39969372,255309042,
71,255309041,32629251,32629265,39970853,179870584,
72,31917377,32049210,32049254,
73,39970811,32049208,26485673,
74,32049254,32049262,32628966,
75,32628969,32628975,32628976,32628974,
76,26485625,32628649,32628650,32628651,32628652,255582542,32628653,32628654,32628968,
77,35207199,32049270,32628662,32892125,32049268,32049266,35965556,
78,35965556,35213263,32628974,31917379,31917377,
79,35965556,31917345,31917343,35215099,31917327,31917328,
80,27166998,26195512,35215097,31917344,27166995,
81,27166998,31917363,31917367,
82,31917366,31917364,31917362,31917359,31917357,31917354,31917351,31917348,
83,31917328,31917329,
84,31917329,31917331,31917332,31917333,
85,33242035,31917346,248457785,33182645,31917333,
86,27167006,27167004,27167002,27167000,
87,27167000,27166998,
88,31917352,31917355,31917356,31917360,31917361,
89,27167006,31917350,33242046,
90,27166995,35965554,27166993,27166991,35965555,
91,35965555,32892124,32628661,31960181,35207201,31960182,
92,35213254,35213256,35213261,
93,35213261,35213257,35213265,35213264,35213258,35213260,35207202,35213251,31960182,
94,31917370,33213306,35213253,
95,35213253,35213254,
96,31917367,254172535,254172536,26195454,
97,31917376,33213311,31917370,
98,31897844,31897848,31897847,255309059,255309055,180760642,31897846,
99,31897846,32528036,32528037,32528050,
100,32528049,26350113,26118698,26118697,
101,26118697,255309057,255309060,26195424,26118472,26118695,
102,32892149,32892150,248564726,32892157,255304622,32892151,
103,32892151,255304622,32892157,248564726,32892150,32892148,
104,32892135,32892158,32892159,38427859,32892151,
105,32892151,38427860,38427857,79739486,79739498,79739503,38427856,32892135,
106,32892135,32892136,255304602,32892134,32892629,255443820,32892133,33629009,
107,33629009,32892133,255443820,32892629,32892134,255304602,32892136,32892135,
108,33629009,46852299,32892130,32892129,32892128,
109,32892128,32892129,32892130,46852299,33629009,
110,31960182,27166988,27166986,35988346,31960183,35988349,27166983,
111,32049278,35988348,32049276,35988345,32049275,32049273,32049271,35207199,
112,35207199,35207215,39970958,39971093,32892126,32892128,
113,255443778,33124285,32892132,32892127,
114,32892127,32892132,33124285,255443778,
115,26485624,32628655,32892119,32892120,
116,32892120,32892119,32628655,26485624,
117,32892120,32892121,35207198,
118,35207198,32892121,32892120,
120,32892127,34551129,255582548,35210227,39971027,32892126,
121,39970973,32892131,35210229,32892408,32892127,34551129,
122,35207198,35207197,35207195,35207204,35207194,35207202,
123,32892123,32892122,35213270,35207198,
124,35966965,251854435,
125,251854435,252343943,28396132,28396133,32529958,
126,32529963,32552944,32529941,32529942,252344853,32529943,251881604,32333998,
127,32333998,33629032,
128,31917333,31917334,32607802,31917336,31917337,31917338,31917339,32329830,
129,32329829,27167016,27167014,254451733,27167012,27167010,27167008,27167006,
130,32329830,32048667,32606515,32329833,
131,32329833,255309064,32329834,32329835,32572891,32329836,32594456,32594485,
132,32594485,32594458,32594460,32594638,
133,32594639,248664604,30902337,30902336,30902334,54094223,32572890,
134,32572890,255309065,30901480,248457778,32606514,104994357,32048673,30901479,
135,32329830,31917340,31917342,30901479,
136,30902333,27167021,27167018,32329829,
137,32329828,32573084,32329832,32329829,
138,30902333,248591685,248591686,32573085,32329841,
139,213959073,32049237,32049238,32329827,32329828,
140,32329841,30901477,30901474,30901471,213959230,
141,33124278,33124279,32597389,
142,32597389,33124279,33124278,
143,33124278,33124276,207628356,33124256,
144,33124257,101624814,33124277,33124278,
145,60863503,32594644,32598954,
146,32594633,32594643,60863511,60863503,
147,32598953,30902341,60863504,
148,60863504,30902339,32594632,
149,152568044,30902342,32214711,33124274,33124254,
150,33124255,33124265,33124267,33124268,105711879,83532281,83532246,83066123,169137894,81470439,
151,251283573,83051316,169137890,152568044,
152,81470439,252406516,84843008,34814886,
153,34814889,30902345,84842969,251283573,
154,34814535,34814891,34814889,
155,34814886,34814885,252406663,34815611,
156,34814535,34814534,31156733,31156731,31156730,252406781,
157,31156738,252406035,251283171,252406039,31156736,252406111,31156735,252406411,34814535,
158,34814536,252406293,27167156,27167155,120333637,252406043,252406036,251283172,27167154,
159,252406787,31156664,31156666,252406520,27167157,34814536,
160,34814888,34814890,34814536,
161,34815610,34814884,34814887,
162,34814883,34815608,
163,31156740,31156738,
164,27167154,33210615,
165,32594631,32553381,54094219,251281806,251281807,251281808,
166,251281808,251281807,251281806,253169449,201830779,32553132,32553133,
167,31156743,31156741,27167173,253169053,252416945,27167122,
168,251281859,32572888,54094188,32572887,54094199,32572886,54094215,32572885,
169,32594640,32572884,54094244,54094212,32572885,
170,32594646,54094226,32594645,32594637,
180,32572885,54094195,54094192,54698906,
181,54698906,32329855,32329850,
182,32329850,32329853,32329854,32329857,31156751,
183,31156751,31156750,31156748,31156746,32600369,
184,27167068,27167066,27167064,253169142,27167059,27167053,
185,27167053,27167051,27167048,27167046,27167044,
186,27167073,27167072,27167071,27167068,
171,32329851,32329856,54094053,33207656,
172,33207656,33207680,54094051,33207659,54091476,33207672,255309067,259544759,33207653,
173,33207653,32594646,
174,32594646,54094231,54093744,54094110,32572890,
175,32572890,54094110,54093744,54094231,32594646,
176,30901479,32329842,32329843,54094101,32329844,32329845,32329846,32329847,32329848,32329849,32329852,32329851,
177,27167042,27167040,27167038,27167036,27167034,27167032,27167029,27167027,27167025,27167023,30902333,
178,32049425,253170440,32049412,248664358,27167042,
179,27167044,248664501,248664363,32049448,248664413,248664543,32049430,
187,32049423,27167170,253174123,253173960,32922344,32049388,32049384,32049381,32049372,32049370,32049364,
188,32049365,32049371,32049379,255582376,32049383,32049386,255582533,32049390,32922337,32922345,253173932,253174095,32049427,32049425,
189,32049430,32049462,32049463,152583665,
190,152583665,32049464,32049466,32049467,32049469,32049470,253168729,253168737,253168738,253168739,253168740,
191,253168611,253168582,27167148,253168583,27167146,253168584,27167147,27167164,27167165,27167166,152583664,27167167,27167168,253168921,27167169,
192,32528268,32528269,32528270,
193,32528270,32528269,32528268,
194,32528270,32528271,32528272,224753300,224753301,32528273,32528274,32528275,
195,32528275,32528274,32528273,224753301,224753300,32528272,32528271,32528270,
196,32528275,32528276,32627303,32528277,32528278,251855425,251855426,251855420,32528279,32528280,
197,32528885,32528884,32893459,32627302,32627301,32627300,32627299,
198,32627299,32528275,
199,28396137,251854372,28396139,
200,31156834,251854348,254993166,31156836,
201,32529959,32529954,28396137,
202,31156836,32529955,32529968,
203,34815611,34815617,34815613,34815712,88085386,
204,87723371,88085388,34815713,34815612,34815616,34815609,
205,88085386,83066125,34815714,34815717,205420005,34815710,86970192,32912934,32598967,
206,32912944,32912938,34815711,205420004,34815716,34815715,88085388,87723371,
207,32598967,32598965,190467928,32598963,32598961,32598959,86970182,32598957,32598955,
208,32598956,207628341,32598958,86970185,32598960,32598962,32598964,190467925,32598966,32598968,
209,32598968,32912958,32912968,32913060,32913062,32913065,32913068,90337052,32913069,32913071,32913095,
210,31158788,31158799,31158801,90337055,31158803,31158804,32913105,32913106,32913052,32912975,32912951,
211,32913095,32913104,32913585,207628357,90354602,
212,90332394,201822507,31158786,32913098,
213,32913098,32599711,32599709,32597783,31158772,31158774,
214,31158774,34520361,34520360,34520359,34972118,34520358,34520357,34520356,34520355,34520354,34520353,34520352,32915600,
215,32915599,34520364,34520365,34520366,34520367,34520368,34520369,34520370,251851938,34520371,34520372,34520373,34520363,
216,31158727,32597785,32599710,32599712,31158787,
217,32917759,247286415,247286412,224814459,247286409,224823500,119902566,224824507,224822165,226359888,119902613,
218,119902613,226359888,224822165,224824507,119902566,224823500,247286409,224814459,247286412,247286415,32917759,
219,251851727,32610174,251851449,32610173,
220,35966359,32610173,251851490,32610175,251851557,32610172,212894117,
221,255152548,251851753,251851754,32597423,251851726,
222,34520363,254518067,32597778,255152548,
223,28396139,251854095,251854094,251854093,28396140,35966369,
224,35966365,251854034,251854288,31156833,255077893,31156834,
225,35966368,28396165,35966367,
226,35966366,28396143,34522516,
227,34522516,28396145,254504851,251852498,28396167,252343347,28396170,35975945,251852331,31153919,28396142,35975943,28396146,
228,88867355,35975940,252343345,31156823,251852300,35975944,31156825,252343346,31156826,35966510,
229,35966510,251852497,254504849,254504852,
230,254504852,31156828,251852560,
231,34522517,31156829,256347957,256347962,256347998,35966363,
232,31158725,212881026,31158722,190490777,
233,190490777,31158722,212881026,31158725,31158727,
234,34520362,34520374,31158725,
235,32912951,32913002,31158807,32909567,99408492,253963586,32909568,190476530,
236,190476534,32913041,32913033,261039215,32913038,99404345,32913036,32912987,32912994,32912944,
237,190476530,190476525,190476541,90351248,253967022,253963721,33124973,
238,33124973,253963721,253967022,90351248,190476541,190476525,190476530,
239,33124973,33124991,33124985,190472433,33124989,32913102,31158788,
240,31158787,32913100,33124994,212881000,33124995,33124996,33124997,
241,190476530,32909724,88085392,32909725,88085396,32909726,32909728,32909729,32551927,32551928,32551929,31158655,
242,31158649,31158732,31158741,253965698,253966068,253965693,31158744,32913029,32913023,32909813,88085397,32909812,88085389,32909811,190476534,
243,31158658,90343084,33124963,33124966,33124969,33124973,
244,33124997,33124998,33124999,33125000,33125001,
245,33124997,253967661,190476520,190476537,212881041,190490772,190490777,
246,190490777,190490772,212881041,190476537,190476520,253967661,33124997,
247,261030665,31158719,31158716,99408523,
248,99408523,31158716,31158719,261030665,
249,31158709,31158714,99408523,
250,31158771,31158709,
260,31158765,31158767,31158769,
251,99408523,31158714,31158709,31158771,31158769,31158767,31158765,
252,31158765,86681146,86681150,119831124,
253,31158764,99702510,31158765,
254,31158661,31158664,31158666,31158669,31158672,31158674,31158678,31158681,254504932,
255,254504932,31158684,31158686,254504931,254504918,34533172,34533170,34522493,248059691,34522490,
257,34522490,34522481,34522495,34522497,34522482,36307587,
258,34522646,34522483,34522496,
256,34522496,34522494,34522484,251852604,34522492,34533178,34533176,34533174,34533180,254504936,34533183,34533185,34533187,209094332,
259,254504869,34533190,254504868,34533192,34533194,34533196,32551935,
261,32551932,34537444,34537445,
262,34537445,34548770,34537446,34537447,34537448,34537449,
263,261239359,31156415,34537440,34537441,31156360,31158638,31158639,
264,27167174,34815626,27167163,27167162,27167161,27167160,
265,34814892,34814893,34814894,34814895,34815623,
267,35163858,35163854,34815624,34815619,34815606,34815615,
266,34815614,34815607,34815620,34815625,35163856,35163860,
268,179694998,32049450,202032433,32049423,
269,27167169,248557691,248557690,248557698,202032445,32049451,
270,32605676,32049235,32605672,32049236,32600274,32049366,
280,32049364,30901470,32605669,29274142,248557741,32605675,
271,34677997,34678000,83042154,96653782,261042487,34678001,81278581,252407300,32913112,
272,32913112,212908296,32913110,205420003,32913109,32913049,212908300,212908305,32913017,243662067,
273,32912987,31158809,212908338,31158811,31158812,94897302,31158814,212908291,261042497,31158815,
274,31158815,261042490,169135127,31158817,261042450,96653778,252407265,261042466,252407266,252407315,31158818,31158820,
275,261045358,34677998,252407139,34677999,261045414,
276,261045415,31158823,249313829,31158824,261045353,91818051,
277,252406781,252406443,31156729,34678016,34678009,31156727,34678012,
278,34678018,252407667,34678017,34678015,31156662,252406787,
279,34678008,34678014,31156724,252407763,31162066,
281,31156654,252407761,31156656,34678013,252407383,34678007,
282,32528283,32528284,32528285,32528286,32528287,36309932,
283,36309932,32528287,32528286,32528285,32528284,32528283,
284,36309932,32528288,32528289,32528290,32528291,32528292,209167550,32528293,32528294,
285,32528294,32528293,209167550,32528292,32528291,32528290,32528289,32528288,36309932,
286,35966379,32597765,32597767,32599933,32599935,
288,35966359,35966358,
287,222045940,32599934,32597775,32597772,35966378,
289,35966358,35966359,
290,32528299,251855288,32528298,32528297,32528296,32528295,255067845,
291,32528299,251855288,32528298,32528297,32528296,32528295,255067845,
292,32528890,32528893,251855267,251855301,32528299,
293,32528299,251855309,251855310,251855311,32528889,
294,32892630,32528301,32528300,
295,32528300,32528301,32892630,
296,32528300,32528890,
297,247808873,251855502,32528887,32528886,32528885,
298,32528280,32528281,32528282,251855503,247808874,
